1624426386.52196336 0 0 0 -0.522199417 0 0 -0.85282341 0 0 0 -0.000306221508 0.000156393718 -8.89245254e-06 -0.001033457 3.43548081e-05 0.0165404418 
1624426386.52853775 2.1540525e-05 -2.65972996e-06 -7.83289175e-07 -0.522245486 2.94585502e-06 -5.62243574e-05 -0.852795198 0.00655285658 -0.000809118114 -0.00023828489 -0.000306221508 0.000156393718 -8.89245254e-06 -0.001033457 3.43548081e-05 0.0165404418 
1624426386.53854084 0.000142757315 6.70119212e-06 -8.67132933e-06 -0.522316204 2.30455464e-05 -5.09797835e-05 -0.852751887 0.0176830127 0.00268072422 -0.00133883583 -0.000306221508 0.000156393718 -8.89245254e-06 -0.001033457 3.43548081e-05 0.0165404418 
1624426386.54852724 0.000380166923 5.04898521e-05 -3.0550493e-05 -0.52238129 5.79891096e-05 -0.000233669064 -0.852711986 0.0298635694 0.00608893399 -0.00304295589 -0.000306221508 0.000156393718 -8.89245254e-06 -0.001033457 3.43548081e-05 0.0165404418 
1624426386.55853367 0.000746106683 8.24245422e-05 -1.48476477e-05 -0.522454221 6.36524224e-05 -0.000414973833 -0.852667233 0.0432773693 0.000293901283 0.00618150757 -0.000306221508 0.000156393718 -8.89245254e-06 -0.001033457 3.43548081e-05 0.0165404418 
1624426386.56851888 0.00123572577 4.16975613e-05 0.000133255483 -0.52248853 4.12457014e-05 -0.000601546596 -0.8526461 0.0547915058 -0.00845136355 0.0234829969 -0.000306221508 0.000156393718 -8.89245254e-06 -0.001033457 3.43548081e-05 0.0165404418 
1624426386.57851839 0.00183819088 -0.000102090823 0.000367569623 -0.522487913 -0.000140686121 -0.00071501595 -0.85264638 0.0657073773 -0.0203077121 0.0233821105 -0.000306221508 0.000156393718 -8.89245254e-06 -0.001033457 3.43548081e-05 0.0165404418 
1624426386.58854032 0.00255476073 -0.000349424096 0.000561499973 -0.522456109 -0.000325331238 -0.000698209638 -0.852665832 0.0772930659 -0.0290507242 0.0153191072 -0.000306221508 0.000156393718 -8.89245254e-06 -0.001033457 3.43548081e-05 0.0165404418 
1624426386.5985682 0.00340474252 -0.00066964494 0.00074122887 -0.522412799 -0.000676554082 -0.000708124112 -0.852692153 0.092230568 -0.0348153513 0.0205267145 -0.000306221508 0.000156393718 -8.89245254e-06 -0.001033457 3.43548081e-05 0.0165404418 
1624426386.60857201 0.00442217691 -0.000989847767 0.000943128721 -0.522361129 -0.00106863751 -0.000633479953 -0.852723465 0.111178909 -0.0292008551 0.0198378964 -0.000306221508 0.000156393718 -8.89245254e-06 -0.001033457 3.43548081e-05 0.0165404418 
1624426386.61856103 0.00557694222 -0.00123056794 0.00106828033 -0.522259756 -0.00160062201 -0.000899358428 -0.852784484 0.120027944 -0.0189960837 0.00521993138 -0.000306221508 0.000156393718 -8.89245254e-06 -0.001033457 3.43548081e-05 0.0165404418 
1624426386.62196279 0.00544615955 -0.00109773293 0.00104254822 -0.518724635 -0.00109615391 -0.000632559632 -0.854940438 0.11834889 -0.0174586221 0.00499099363 -0.000304904047 0.00015563008 -1.99520079e-05 -0.00103444854 3.40500649e-05 0.0165406014 
1624426386.62854362 0.00622099927 -0.00118565069 0.00108132898 -0.518653764 -0.00131796212 -0.00078224699 -0.854982996 0.11713501 -0.00926073124 0.0067949869 -0.000304904047 0.00015563008 -1.99520079e-05 -0.00103444854 3.40500649e-05 0.0165406014 
1624426386.63853502 0.00737507548 -0.00121517797 0.00122492327 -0.518550818 -0.00160986805 -0.00107464303 -0.85504462 0.113878734 0.00335019571 0.0219485688 -0.000304904047 0.00015563008 -1.99520079e-05 -0.00103444854 3.40500649e-05 0.0165406014 
1624426386.64853501 0.00848736556 -0.001123806 0.00139350784 -0.518499112 -0.00175416699 -0.00107397464 -0.855075693 0.108579493 0.0149242156 0.0117683773 -0.000304904047 0.00015563008 -1.99520079e-05 -0.00103444854 3.40500649e-05 0.0165406014 
1624426386.65853095 0.00956485434 -0.000928302569 0.00146000247 -0.518485549 -0.00183816749 -0.00121199113 -0.855083556 0.107005847 0.0241923623 0.00153595482 -0.000304904047 0.00015563008 -1.99520079e-05 -0.00103444854 3.40500649e-05 0.0165406014 
1624426386.66853452 0.0106247906 -0.000646237498 0.00149156926 -0.518545783 -0.00186719197 -0.00115603898 -0.855047045 0.104905817 0.0322005381 0.00477515079 -0.000304904047 0.00015563008 -1.99520079e-05 -0.00103444854 3.40500649e-05 0.0165406014 
1624426386.67851925 0.0116579076 -0.000297518756 0.00147388859 -0.518683753 -0.00192763176 -0.0011660894 -0.854963209 0.102033541 0.0376498602 -0.008316691 -0.000304904047 0.00015563008 -1.99520079e-05 -0.00103444854 3.40500649e-05 0.0165406014 
1624426386.68855572 0.0126638954 0.000110076346 0.00133419895 -0.518886747 -0.00181185221 -0.00105778276 -0.854840419 0.0984329535 0.0435729526 -0.0195197211 -0.000304904047 0.00015563008 -1.99520079e-05 -0.00103444854 3.40500649e-05 0.0165406014 
1624426386.69854045 0.0136406897 0.000580566122 0.00118298504 -0.519115082 -0.00168001303 -0.00101526335 -0.854702099 0.0972246521 0.0506688942 -0.0107693081 -0.000304904047 0.00015563008 -1.99520079e-05 -0.00103444854 3.40500649e-05 0.0165406014 
1624426386.70855713 0.0146161669 0.00111361624 0.00111342605 -0.519349086 -0.001581476 -0.00100259202 -0.854560133 0.0975459041 0.0557636028 -0.0031193232 -0.000304904047 0.00015563008 -1.99520079e-05 -0.00103444854 3.40500649e-05 0.0165406014 
1624426386.71852756 0.0156152053 0.00170721145 0.00105170689 -0.519541871 -0.0015094845 -0.00110181609 -0.854442948 0.102854435 0.0633075738 -0.00926112293 -0.000304904047 0.00015563008 -1.99520079e-05 -0.00103444854 3.40500649e-05 0.0165406014 
1624426386.72196341 0.0142148004 0.00355412744 0.00128080303 -0.515170451 -0.000646681412 -0.000734188298 -0.857087189 0.0912065022 0.0767938406 -0.00766130372 -0.000302758882 0.000154203018 -3.44733029e-05 -0.00105265027 3.15245862e-05 0.0165387049 
1624426386.72854257 0.0148195311 0.0040709413 0.00122008266 -0.515260289 -0.000581057206 -0.00081717944 -0.857033155 0.0926256587 0.0803124784 -0.0107970876 -0.000302758882 0.000154203018 -3.44733029e-05 -0.00105265027 3.15245862e-05 0.0165387049 
1624426386.73853254 0.0157398393 0.0049037627 0.00107229133 -0.515318545 -0.000481260474 -0.000876172273 -0.856998132 0.0916206702 0.0864189193 -0.0187908348 -0.000302758882 0.000154203018 -3.44733029e-05 -0.00105265027 3.15245862e-05 0.0165387049 
1624426386.74854064 0.0166628753 0.00578136892 0.000810405099 -0.515289411 -0.000425975117 -0.000975164429 -0.857015572 0.0928371629 0.0889603243 -0.0335440381 -0.000302758882 0.000154203018 -3.44733029e-05 -0.00105265027 3.15245862e-05 0.0165387049 
1624426386.75851822 0.0176241602 0.0066845086 0.00050794134 -0.515201437 -0.000299080915 -0.00100325368 -0.857068482 0.0998518463 0.092073507 -0.0270846487 -0.000302758882 0.000154203018 -3.44733029e-05 -0.00105265027 3.15245862e-05 0.0165387049 
1624426386.7685442 0.0186932316 0.00763539266 0.000347581372 -0.515086383 -0.000390494335 -0.00109663613 -0.857137482 0.113408428 0.0976105416 -0.00490424376 -0.000302758882 0.000154203018 -3.44733029e-05 -0.00105265027 3.15245862e-05 0.0165387049 
1624426386.77851748 0.0198966276 0.00861777405 0.00032312365 -0.51496186 -0.000545525822 -0.00120313189 -0.857212073 0.127915408 0.0993919787 -4.02238225e-07 -0.000302758882 0.000154203018 -3.44733029e-05 -0.00105265027 3.15245862e-05 0.0165387049 
1624426386.7886188 0.0212310533 0.00959001015 0.000377271784 -0.514844646 -0.000790017504 -0.00134335602 -0.857282078 0.136292815 0.0931048944 0.0107214056 -0.000302758882 0.000154203018 -3.44733029e-05 -0.00105265027 3.15245862e-05 0.0165387049 
1624426386.79853892 0.0225804728 0.0105267576 0.000559419765 -0.514747228 -0.00101492352 -0.00122738976 -0.857340513 0.135764277 0.0957531887 0.0260015325 -0.000302758882 0.000154203018 -3.44733029e-05 -0.00105265027 3.15245862e-05 0.0165387049 
1624426386.80857182 0.0239341291 0.0115271042 0.000799072346 -0.514667685 -0.00118372076 -0.0011084782 -0.857388211 0.134079401 0.103660225 0.0217718463 -0.000302758882 0.000154203018 -3.44733029e-05 -0.00105265027 3.15245862e-05 0.0165387049 
1624426386.81854153 0.0252884817 0.0126611581 0.000971732255 -0.514637015 -0.00116324503 -0.000968159926 -0.857406819 0.137614038 0.123839622 0.0128650462 -0.000302758882 0.000154203018 -3.44733029e-05 -0.00105265027 3.15245862e-05 0.0165387049 
1624426386.82179713 0.0193574099 0.0224869486 0.00198135275 -0.51543248 5.78743725e-05 -0.000890787113 -0.85692973 0.105433285 0.175687182 0.0178912259 -0.0003006634 0.000151833334 -3.16582073e-05 -0.00114558496 2.644698e-05 0.0165298793 
1624426386.82857227 0.0200861903 0.0237204526 0.00212787751 -0.515462288 0.000186381983 -0.000946613254 -0.856911722 0.109700346 0.188439271 0.0253624184 -0.0003006634 0.000151833334 -3.16582073e-05 -0.00114558496 2.644698e-05 0.0165298793 
1624426386.83853006 0.021192134 0.0256295544 0.00232540311 -0.515593183 0.000193598716 -0.001086384 -0.856832803 0.112425984 0.194999564 0.0143101569 -0.0003006634 0.000151833334 -3.16582073e-05 -0.00114558496 2.644698e-05 0.0165298793 
1624426386.84852552 0.022331143 0.0275929534 0.00234298803 -0.515712467 0.000245594746 -0.0012382831 -0.856760794 0.115479277 0.197858569 -0.0107915748 -0.0003006634 0.000151833334 -3.16582073e-05 -0.00114558496 2.644698e-05 0.0165298793 
1624426386.85851908 0.023472147 0.02960334 0.00222778131 -0.515847115 0.000274556406 -0.00126707548 -0.856679679 0.112868742 0.204478145 -0.0122646325 -0.0003006634 0.000151833334 -3.16582073e-05 -0.00114558496 2.644698e-05 0.0165298793 
1624426386.86852503 0.0246201941 0.0317169503 0.0021023223 -0.51597264 0.000344838586 -0.00120837996 -0.856604141 0.116604114 0.217992497 -0.0128122471 -0.0003006634 0.000151833334 -3.16582073e-05 -0.00114558496 2.644698e-05 0.0165298793 
1624426386.87853193 0.0258191888 0.0339597976 0.00196610686 -0.516080565 0.000487589277 -0.00127097898 -0.856538964 0.123029375 0.23026746 -0.0144120439 -0.0003006634 0.000151833334 -3.16582073e-05 -0.00114558496 2.644698e-05 0.0165298793 
1624426386.88857055 0.0271180468 0.0363293753 0.00190538574 -0.516173798 0.00066803168 -0.00135849592 -0.856482527 0.135742989 0.241825126 0.00231453383 -0.0003006634 0.000151833334 -3.16582073e-05 -0.00114558496 2.644698e-05 0.0165298793 
1624426386.89857626 0.0285486837 0.0387590124 0.00194595642 -0.516256962 0.000634690424 -0.00161870749 -0.856431974 0.150221028 0.243824859 0.00579496982 -0.0003006634 0.000151833334 -3.16582073e-05 -0.00114558496 2.644698e-05 0.0165298793 
1624426386.90857887 0.030102859 0.0411988458 0.00193465263 -0.516309958 0.000485383916 -0.00185463603 -0.856399645 0.160532832 0.244014349 -0.00805513759 -0.0003006634 0.000151833334 -3.16582073e-05 -0.00114558496 2.644698e-05 0.0165298793 
1624426386.91856384 0.0317046014 0.0436535178 0.00184514005 -0.516325967 0.000364337364 -0.00209919027 -0.856389489 0.160297854 0.247659046 -0.00987432673 -0.0003006634 0.000151833334 -3.16582073e-05 -0.00114558496 2.644698e-05 0.0165298793 
1624426386.92183137 0.0140859165 0.0681782165 0.00162439366 -0.517669308 0.00137835632 -0.00162679704 -0.855578133 0.0887503402 0.345312958 -0.0109474063 -0.000297850923 0.000151560428 -2.65503821e-05 -0.00138934133 -6.47957289e-06 0.0165311441 
1624426386.92853594 0.0146779078 0.0705109821 0.00156112062 -0.517682308 0.0013505454 -0.00163398267 -0.855570298 0.0878430529 0.35056044 -0.00792719886 -0.000297850923 0.000151560428 -2.65503821e-05 -0.00138934133 -6.47957289e-06 0.0165311441 
1624426386.93853664 0.0155564099 0.0740691139 0.00142665748 -0.517696205 0.00138364742 -0.00167830847 -0.85556175 0.0878449728 0.361015711 -0.018963531 -0.000297850923 0.000151560428 -2.65503821e-05 -0.00138934133 -6.47957289e-06 0.0165311441 
1624426386.94852757 0.0164397916 0.0776896019 0.00131623389 -0.517724563 0.00151672703 -0.00177755218 -0.855544164 0.0889917427 0.36373919 -0.00314123544 -0.000297850923 0.000151560428 -2.65503821e-05 -0.00138934133 -6.47957289e-06 0.0165311441 
1624426386.95852375 0.0173597484 0.0813201443 0.00139919461 -0.517784644 0.00146695305 -0.00191727792 -0.855507589 0.0950700044 0.362647079 0.0197397273 -0.000297850923 0.000151560428 -2.65503821e-05 -0.00138934133 -6.47957289e-06 0.0165311441 
1624426386.96854305 0.0183485152 0.0849293334 0.00157989217 -0.517850869 0.00133049028 -0.00196893641 -0.855467609 0.102302376 0.357800113 0.0163301626 -0.000297850923 0.000151560428 -2.65503821e-05 -0.00138934133 -6.47957289e-06 0.0165311441 
1624426386.9785161 0.0194175143 0.0885088367 0.00172286714 -0.517909966 0.00109058883 -0.00193431668 -0.855432251 0.112075207 0.360035172 0.0123421045 -0.000297850923 0.000151560428 -2.65503821e-05 -0.00138934133 -6.47957289e-06 0.0165311441 
1624426386.98853254 0.0205636879 0.0921507284 0.00180017541 -0.517930253 0.000764264958 -0.00192025207 -0.855420354 0.116783237 0.367147569 0.00309417091 -0.000297850923 0.000151560428 -2.65503821e-05 -0.00138934133 -6.47957289e-06 0.0165311441 
1624426386.99854302 0.0217167112 0.0958841491 0.00176266372 -0.517926786 0.000504998883 -0.00187704432 -0.855422741 0.113579987 0.378754807 -0.0105886548 -0.000297850923 0.000151560428 -2.65503821e-05 -0.00138934133 -6.47957289e-06 0.0165311441 
1624426387.00855446 0.0228358998 0.0997284161 0.00164193543 -0.517898653 0.000415006489 -0.0019471067 -0.855439666 0.110002083 0.389220442 -0.0135294243 -0.000297850923 0.000151560428 -2.65503821e-05 -0.00138934133 -6.47957289e-06 0.0165311441 
1624426387.01853919 0.0239272053 0.103648114 0.00154563642 -0.517892685 0.000486388967 -0.00196219727 -0.855443207 0.108592765 0.395917992 -0.00575983016 -0.000297850923 0.000151560428 -2.65503821e-05 -0.00138934133 -6.47957289e-06 0.0165311441 
1624426387.02185678 -0.0100183736 0.148200896 -0.000918416063 -0.518449371 0.00172403061 -0.00162080812 -0.855105052 -0.00335633321 0.54077172 -0.013973623 -0.000295089927 0.000151627486 -2.42566588e-05 -0.00184537713 -8.16597931e-05 0.0165510916 
1624426387.02854371 -0.0100197702 0.151835285 -0.000987274473 -0.518441272 0.00173102116 -0.00167020796 -0.855109853 0.00293864403 0.546241486 -0.00662131444 -0.000295089927 0.000151627486 -2.42566588e-05 -0.00184537713 -8.16597931e-05 0.0165510916 
1624426387.03853059 -0.00995090935 0.157307917 -0.00107960795 -0.518454801 0.00164732208 -0.00165064809 -0.855101854 0.0108516162 0.549723272 -0.0118696468 -0.000295089927 0.000151627486 -2.42566588e-05 -0.00184537713 -8.16597931e-05 0.0165510916 
1624426387.04853749 -0.00978704895 0.162831194 -0.00117557643 -0.518466224 0.00149368353 -0.00174706547 -0.855095019 0.0218978515 0.554169777 -0.00731080477 -0.000295089927 0.000151627486 -2.42566588e-05 -0.00184537713 -8.16597931e-05 0.0165510916 
1624426387.05852628 -0.00954534295 0.168421822 -0.00121736559 -0.518453146 0.00124058903 -0.00194667672 -0.855102922 0.0264976238 0.565211376 -0.00105641044 -0.000295089927 0.000151627486 -2.42566588e-05 -0.00184537713 -8.16597931e-05 0.0165510916 
1624426387.06852007 -0.00922494374 0.174158868 -0.00132325257 -0.518427081 0.0010089529 -0.00214695664 -0.85511855 0.0376220276 0.58291057 -0.0201341435 -0.000295089927 0.000151627486 -2.42566588e-05 -0.00184537713 -8.16597931e-05 0.0165510916 
1624426387.07851744 -0.0088454677 0.180043849 -0.00158706888 -0.51835452 0.000905095637 -0.00253806492 -0.855161582 0.0382931614 0.594395463 -0.0326430087 -0.000295089927 0.000151627486 -2.42566588e-05 -0.00184537713 -8.16597931e-05 0.0165510916 
1624426387.08853745 -0.00849412196 0.186031476 -0.00193149567 -0.518281317 0.000853004392 -0.00265184429 -0.855205658 0.0318356062 0.600737665 -0.0361047338 -0.000295089927 0.000151627486 -2.42566588e-05 -0.00184537713 -8.16597931e-05 0.0165510916 
1624426387.09855652 -0.00819862347 0.192058212 -0.00238346409 -0.51820256 0.000862260106 -0.00271091454 -0.855253187 0.0271516376 0.602315951 -0.0541169515 -0.000295089927 0.000151627486 -2.42566588e-05 -0.00184537713 -8.16597931e-05 0.0165510916 
1624426387.10854077 -0.00795145924 0.198071322 -0.00300435359 -0.518176966 0.000978941192 -0.00259238429 -0.855268936 0.0223591646 0.602202585 -0.0702567773 -0.000295089927 0.000151627486 -2.42566588e-05 -0.00184537713 -8.16597931e-05 0.0165510916 
1624426387.11854124 -0.00773399412 0.204088967 -0.0036444457 -0.518236249 0.000999464926 -0.00254594039 -0.855233132 0.021131828 0.601270287 -0.0577556614 -0.000295089927 0.000151627486 -2.42566588e-05 -0.00184537713 -8.16597931e-05 0.0165510916 
1624426387.12182784 -0.0522260554 0.259973704 0.0124964143 -0.520575023 0.00184496478 -0.00182417988 -0.85381199 -0.103566331 0.755630584 -0.014532249 -0.00029188521 0.000154136738 -1.40115491e-05 -0.00245270911 -0.000195444519 0.0163925224 
1624426387.12853885 -0.0529266884 0.265053152 0.0124709521 -0.520668459 0.00195506707 -0.00160251153 -0.853755214 -0.10523487 0.758135906 0.00694406751 -0.00029188521 0.000154136738 -1.40115491e-05 -0.00245270911 -0.000195444519 0.0163925224 
1624426387.13853264 -0.0539823988 0.272646096 0.0126943026 -0.52084323 0.00207602389 -0.00138563149 -0.853648698 -0.106038365 0.761396392 0.0377537887 -0.00029188521 0.000154136738 -1.40115491e-05 -0.00245270911 -0.000195444519 0.0163925224 
1624426387.14853072 -0.0550549944 0.280315172 0.0131972383 -0.521058232 0.0024198432 -0.00117339326 -0.853516893 -0.108521886 0.77271283 0.0628526209 -0.00029188521 0.000154136738 -1.40115491e-05 -0.00245270911 -0.000195444519 0.0163925224 
1624426387.15853333 -0.0561166406 0.28806825 0.0139400565 -0.521261081 0.00259648355 -0.0011254238 -0.853392569 -0.10375188 0.777497614 0.0856722172 -0.00029188521 0.000154136738 -1.40115491e-05 -0.00245270911 -0.000195444519 0.0163925224 
1624426387.16854501 -0.0571692268 0.295826293 0.0146979872 -0.521468564 0.00265939872 -0.000918968306 -0.853265855 -0.106519913 0.772301964 0.0657371795 -0.00029188521 0.000154136738 -1.40115491e-05 -0.00245270911 -0.000195444519 0.0163925224 
1624426387.17852902 -0.0582059591 0.303544704 0.0150809683 -0.52158449 0.00257690054 -0.000781240045 -0.853195388 -0.101158487 0.773851538 0.0109816616 -0.00029188521 0.000154136738 -1.40115491e-05 -0.00245270911 -0.000195444519 0.0163925224 
1624426387.18855381 -0.0591800689 0.311344827 0.0150330807 -0.521639899 0.00258504131 -0.000500347014 -0.853161698 -0.0931817875 0.782315956 -0.0205354937 -0.00029188521 0.000154136738 -1.40115491e-05 -0.00245270911 -0.000195444519 0.0163925224 
1624426387.1985352 -0.0600719817 0.319230905 0.0148190905 -0.521625465 0.00250964294 -0.000446906727 -0.853170778 -0.0855332887 0.797839789 -0.0223423349 -0.00029188521 0.000154136738 -1.40115491e-05 -0.00245270911 -0.000195444519 0.0163925224 
1624426387.20853901 -0.0609255391 0.327338937 0.0146566097 -0.521514809 0.00255170878 -0.000452820907 -0.853238295 -0.0851132595 0.823149649 -0.0101414631 -0.00029188521 0.000154136738 -1.40115491e-05 -0.00245270911 -0.000195444519 0.0163925224 
1624426387.21854138 -0.0617644124 0.335655321 0.0147262753 -0.521385842 0.00272215717 -0.000657390043 -0.853316449 -0.0826215812 0.839732401 0.0240712854 -0.00029188521 0.000154136738 -1.40115491e-05 -0.00245270911 -0.000195444519 0.0163925224 
1624426387.22182345 -0.105207242 0.383794613 0.0425353063 -0.518335822 0.00238169108 -0.000623639847 -0.855173616 -0.189442006 0.95726407 0.0904579437 -0.000293330412 0.000158653775 -2.81840668e-05 -0.00304267991 -0.000346441804 0.0160978514 
1624426387.22853494 -0.106468229 0.390227424 0.0431855135 -0.518239078 0.00249667201 -0.000661276991 -0.855231891 -0.186328045 0.959692613 0.10330169 -0.000293330412 0.000158653775 -2.81840668e-05 -0.00304267991 -0.000346441804 0.0160978514 
1624426387.23853016 -0.108254004 0.399827655 0.0441056608 -0.518087379 0.00245751738 -0.000862238427 -0.855323731 -0.170997553 0.961271437 0.0808157389 -0.000293330412 0.000158653775 -2.81840668e-05 -0.00304267991 -0.000346441804 0.0160978514 
1624426387.2485342 -0.109872583 0.409440124 0.0448331105 -0.517964255 0.00248881902 -0.00093854139 -0.855398127 -0.152587455 0.960445179 0.0646154045 -0.000293330412 0.000158653775 -2.81840668e-05 -0.00304267991 -0.000346441804 0.0160978514 
1624426387.25853133 -0.111322018 0.418999287 0.045570446 -0.517906169 0.00236631299 -0.000942560851 -0.85543364 -0.137382696 0.951936428 0.0828940269 -0.000293330412 0.000158653775 -2.81840668e-05 -0.00304267991 -0.000346441804 0.0160978514 
1624426387.26853275 -0.112655222 0.428519872 0.0465102315 -0.517869707 0.00209708674 -0.000951536609 -0.855456407 -0.129220335 0.95191004 0.105036374 -0.000293330412 0.000158653775 -2.81840668e-05 -0.00304267991 -0.000346441804 0.0160978514 
1624426387.27852225 -0.113862568 0.43807725 0.0475630859 -0.517864497 0.00187199148 -0.00080670749 -0.855460231 -0.112502748 0.961574792 0.105755827 -0.000293330412 0.000158653775 -2.81840668e-05 -0.00304267991 -0.000346441804 0.0160978514 
1624426387.28855538 -0.114889897 0.447766501 0.0485763409 -0.517905108 0.00150292972 -0.000944564522 -0.855436232 -0.0922845755 0.969876291 0.0962260076 -0.000293330412 0.000158653775 -2.81840668e-05 -0.00304267991 -0.000346441804 0.0160978514 
1624426387.2985394 -0.115650753 0.457490692 0.0494989759 -0.51792473 0.001084435 -0.00120942812 -0.855424652 -0.0601300644 0.978075395 0.0885963954 -0.000293330412 0.000158653775 -2.81840668e-05 -0.00304267991 -0.000346441804 0.0160978514 
1624426387.30856204 -0.116172225 0.467331484 0.0503335602 -0.517944483 0.000370109668 -0.00172208729 -0.855412421 -0.0439287534 0.985637188 0.0779434215 -0.000293330412 0.000158653775 -2.81840668e-05 -0.00304267991 -0.000346441804 0.0160978514 
1624426387.31854296 -0.116685374 0.477222825 0.051148483 -0.517968666 3.23231475e-06 -0.00201312015 -0.855397223 -0.0588972735 0.996413373 0.0853527601 -0.000293330412 0.000158653775 -2.81840668e-05 -0.00304267991 -0.000346441804 0.0160978514 
1624426387.32193637 -0.155832688 0.512665482 0.0914119871 -0.519949416 0.000679473765 -0.00117014431 -0.854195981 -0.149168483 1.07551871 0.173731176 -0.000289804975 0.000160550844 -1.83005959e-05 -0.00356202834 -0.000534332693 0.015622303 
1624426387.32854199 -0.156849639 0.519773967 0.0926138046 -0.519965449 0.000529339546 -0.00129547148 -0.854186147 -0.158735893 1.07673333 0.190145824 -0.000289804975 0.000160550844 -1.83005959e-05 -0.00356202834 -0.000534332693 0.015622303 
1624426387.33853149 -0.158459091 0.530557985 0.0945350194 -0.520020451 0.000612231237 -0.00101106138 -0.854152992 -0.163492932 1.08233717 0.194500998 -0.000289804975 0.000160550844 -1.83005959e-05 -0.00356202834 -0.000534332693 0.015622303 
1624426387.34852719 -0.16005635 0.541396519 0.0964918913 -0.520155457 0.000578552636 -0.00101820259 -0.854070799 -0.15609627 1.0863025 0.197041784 -0.000289804975 0.000160550844 -1.83005959e-05 -0.00356202834 -0.000534332693 0.015622303 
1624426387.35852861 -0.16159664 0.552257241 0.0984697346 -0.520405138 0.000509969554 -0.00102186525 -0.853918725 -0.151917937 1.08553317 0.198470691 -0.000289804975 0.000160550844 -1.83005959e-05 -0.00356202834 -0.000534332693 0.015622303 
1624426387.36854839 -0.163103596 0.563094169 0.10037159 -0.520701761 0.000284441419 -0.00114467048 -0.853737831 -0.148878366 1.07757397 0.181149552 -0.000289804975 0.000160550844 -1.83005959e-05 -0.00356202834 -0.000534332693 0.015622303 
1624426387.37853265 -0.164609466 0.573846123 0.102060636 -0.520992033 8.99902115e-05 -0.00107818613 -0.853560854 -0.152770514 1.07620801 0.15719229 -0.000289804975 0.000160550844 -1.83005959e-05 -0.00356202834 -0.000534332693 0.015622303 
1624426387.38861346 -0.166184984 0.584667797 0.103637681 -0.521225389 -6.36032119e-06 -0.000995426193 -0.853418481 -0.159807189 1.07077621 0.155688163 -0.000289804975 0.000160550844 -1.83005959e-05 -0.00356202834 -0.000534332693 0.015622303 
1624426387.39853644 -0.167847922 0.595249586 0.105202729 -0.521456398 -6.95165326e-05 -0.000672440071 -0.853277661 -0.175361678 1.06200788 0.159751075 -0.000289804975 0.000160550844 -1.83005959e-05 -0.00356202834 -0.000534332693 0.015622303 
1624426387.4085393 -0.169602934 0.605876345 0.106871783 -0.521632432 6.71451101e-05 -0.000194376242 -0.853170302 -0.175540819 1.06273805 0.17396442 -0.000289804975 0.000160550844 -1.83005959e-05 -0.00356202834 -0.000534332693 0.015622303 
1624426387.41855264 -0.171335364 0.61653843 0.10877853 -0.521767612 0.000263521841 0.000135350146 -0.853087611 -0.170483508 1.06683779 0.206877008 -0.000289804975 0.000160550844 -1.83005959e-05 -0.00356202834 -0.000534332693 0.015622303 
1624426387.42184472 -0.213734065 0.64343252 0.124178669 -0.523836966 0.000758608536 6.84467036e-05 -0.851818204 -0.262157376 1.12534235 0.23862142 -0.000290318541 0.000160776973 -7.30991567e-06 -0.00408124622 -0.000835180894 0.015410684 
1624426387.42853999 -0.215482099 0.650959838 0.125847817 -0.523902757 0.000826528293 0.000196193034 -0.851777658 -0.260012287 1.12320557 0.259983623 -0.000290318541 0.000160776973 -7.30991567e-06 -0.00408124622 -0.000835180894 0.015410684 
1624426387.43857384 -0.218106413 0.662226538 0.128460053 -0.523954166 0.000833200727 0.000257168995 -0.851746014 -0.263080184 1.12253361 0.260701226 -0.000290318541 0.000160776973 -7.30991567e-06 -0.00408124622 -0.000835180894 0.015410684 
1624426387.44854116 -0.220725641 0.67339388 0.130868767 -0.523942637 0.000699631746 0.000327833143 -0.851753202 -0.262482571 1.11825594 0.222620703 -0.000290318541 0.000160776973 -7.30991567e-06 -0.00408124622 -0.000835180894 0.015410684 
1624426387.45852971 -0.223331201 0.684541796 0.132831399 -0.523903477 0.000766165312 0.000596134066 -0.851777086 -0.259226993 1.11388393 0.170355917 -0.000290318541 0.000160776973 -7.30991567e-06 -0.00408124622 -0.000835180894 0.015410684 
1624426387.4685297 -0.225916941 0.695712307 0.134384602 -0.523790609 0.000745612863 0.00087041218 -0.85184628 -0.257921442 1.12022038 0.140284893 -0.000290318541 0.000160776973 -7.30991567e-06 -0.00408124622 -0.000835180894 0.015410684 
1624426387.47852254 -0.22849163 0.707005138 0.13573069 -0.523674902 0.000894047729 0.00113061844 -0.851916967 -0.25738539 1.13996468 0.12912581 -0.000290318541 0.000160776973 -7.30991567e-06 -0.00408124622 -0.000835180894 0.015410684 
1624426387.48855686 -0.231059843 0.718550644 0.137130275 -0.523559549 0.00128059359 0.000998611294 -0.851987536 -0.254500373 1.16123813 0.149833566 -0.000290318541 0.000160776973 -7.30991567e-06 -0.00408124622 -0.000835180894 0.015410684 
1624426387.49856591 -0.233553869 0.730225544 0.138754794 -0.523483614 0.00169620895 0.000878256186 -0.852033601 -0.243853787 1.17163053 0.174776528 -0.000290318541 0.000160776973 -7.30991567e-06 -0.00408124622 -0.000835180894 0.015410684 
1624426387.5086031 -0.235939261 0.742029949 0.140433377 -0.5234356 0.00204611497 0.000703094285 -0.852062493 -0.231457231 1.18050428 0.159696457 -0.000290318541 0.000160776973 -7.30991567e-06 -0.00408124622 -0.000835180894 0.015410684 
1624426387.51855111 -0.238149715 0.753731415 0.141945832 -0.52339233 0.00226960796 0.00046629333 -0.852088669 -0.212943744 1.17201853 0.144375093 -0.000290318541 0.000160776973 -7.30991567e-06 -0.00408124622 -0.000835180894 0.015410684 
1624426387.52854943 -0.240192935 0.765365097 0.143523547 -0.523387561 0.00247420343 0.000345378178 -0.852091087 -0.195768862 1.1551085 0.171220952 -0.000290318541 0.000160776973 -7.30991567e-06 -0.00408124622 -0.000835180894 0.015410684 
1624426387.53858256 -0.242015799 0.776900964 0.145424399 -0.523372089 0.00222903571 0.000509601948 -0.852101184 -0.167600109 1.14444619 0.207694127 -0.000290318541 0.000160776973 -7.30991567e-06 -0.00408124622 -0.000835180894 0.015410684 
1624426387.54853058 -0.243667074 0.788312644 0.147509399 -0.523399245 0.00199031117 0.000720543916 -0.852084943 -0.164380679 1.14981652 0.21148483 -0.000290318541 0.000160776973 -7.30991567e-06 -0.00408124622 -0.000835180894 0.015410684 
1624426387.55853033 -0.245319343 0.799847138 0.149680631 -0.523505428 0.00178281285 0.000690127302 -0.852020195 -0.166081205 1.15713955 0.222772359 -0.000290318541 0.000160776973 -7.30991567e-06 -0.00408124622 -0.000835180894 0.015410684 
1624426387.56852007 -0.247000395 0.811418005 0.151884102 -0.523634976 0.0018685616 0.000936657416 -0.851940164 -0.170474658 1.15941101 0.218374618 -0.000290318541 0.000160776973 -7.30991567e-06 -0.00408124622 -0.000835180894 0.015410684 
1624426387.57851815 -0.248697164 0.822994246 0.153865937 -0.523787474 0.00190229306 0.00118911358 -0.851846025 -0.168944092 1.15628108 0.178068282 -0.000290318541 0.000160776973 -7.30991567e-06 -0.00408124622 -0.000835180894 0.015410684 
1624426387.58854389 -0.250323345 0.834531188 0.155543758 -0.52401264 0.00211969049 0.00153517256 -0.851706465 -0.155457108 1.14518341 0.15663439 -0.000290318541 0.000160776973 -7.30991567e-06 -0.00408124622 -0.000835180894 0.015410684 
1624426387.59853506 -0.25178854 0.846030758 0.15721977 -0.524255533 0.00214571179 0.00183163044 -0.851556326 -0.137840999 1.15676338 0.178864408 -0.000290318541 0.000160776973 -7.30991567e-06 -0.00408124622 -0.000835180894 0.015410684 
1624426387.60853362 -0.253052976 0.857723178 0.159109928 -0.524494624 0.0020231964 0.00186402752 -0.851409315 -0.115082625 1.1820574 0.199221523 -0.000290318541 0.000160776973 -7.30991567e-06 -0.00408124622 -0.000835180894 0.015410684 
1624426387.618536 -0.254137362 0.869614026 0.161093409 -0.524740713 0.00177059074 0.00149177708 -0.851258964 -0.101743007 1.1955477 0.19738061 -0.000290318541 0.000160776973 -7.30991567e-06 -0.00408124622 -0.000835180894 0.015410684 
1624426387.6219151 -0.338308813 0.90435422 0.0755388497 -0.52366184 0.00214130986 0.000838799546 -0.851923112 -0.266437261 1.26576375 0.0367707858 -0.000295498402 0.000161654542 -1.34054895e-05 -0.00509273424 -0.00170156025 0.0168231661 
1624426387.62853408 -0.340048437 0.912745174 0.0758076963 -0.523745688 0.00209548166 0.000647871767 -0.851871847 -0.259210294 1.26965959 0.0444643164 -0.000295498402 0.000161654542 -1.34054895e-05 -0.00509273424 -0.00170156025 0.0168231661 
1624426387.63851619 -0.342637318 0.925409417 0.0762360207 -0.523810021 0.00193498422 0.000446179743 -0.8518328 -0.259493952 1.26772857 0.0413540978 -0.000295498402 0.000161654542 -1.34054895e-05 -0.00509273424 -0.00170156025 0.0168231661 
1624426387.64853978 -0.345191735 0.938104006 0.0765045491 -0.523869963 0.00182472777 0.000376204178 -0.851796214 -0.250186834 1.26521307 0.0122251725 -0.000295498402 0.000161654542 -1.34054895e-05 -0.00509273424 -0.00170156025 0.0168231661 
1624426387.65853286 -0.34763107 0.950756903 0.0765625169 -0.523956453 0.0018046008 0.000325890821 -0.851743079 -0.238018254 1.2671196 -0.000623590623 -0.000295498402 0.000161654542 -1.34054895e-05 -0.00509273424 -0.00170156025 0.0168231661 
1624426387.66852045 -0.349957609 0.963451848 0.0766059002 -0.524122818 0.00172045557 0.000450085245 -0.851640833 -0.227867586 1.27502343 0.00931104538 -0.000295498402 0.000161654542 -1.34054895e-05 -0.00509273424 -0.00170156025 0.0168231661 
1624426387.67852426 -0.352182283 0.976206587 0.0767702314 -0.524444064 0.00163138488 0.000515027577 -0.851443185 -0.216897956 1.27495417 0.023542692 -0.000295498402 0.000161654542 -1.34054895e-05 -0.00509273424 -0.00170156025 0.0168231661 
1624426387.68858314 -0.354317603 0.989024774 0.0770761359 -0.524908411 0.00164319353 0.000832518268 -0.851156723 -0.207666127 1.27367682 0.0372800882 -0.000295498402 0.000161654542 -1.34054895e-05 -0.00509273424 -0.00170156025 0.0168231661 
1624426387.69857049 -0.356334176 1.00173805 0.077670934 -0.525475261 0.00168386806 0.000948231791 -0.850806685 -0.196159206 1.27219699 0.0818301473 -0.000295498402 0.000161654542 -1.34054895e-05 -0.00509273424 -0.00170156025 0.0168231661 
1624426387.70856357 -0.358245596 1.0144778 0.0786417534 -0.526095585 0.00164687778 0.00119876437 -0.850423005 -0.186389628 1.27751829 0.112468261 -0.000295498402 0.000161654542 -1.34054895e-05 -0.00509273424 -0.00170156025 0.0168231661 
1624426387.71854854 -0.360067596 1.02726375 0.0796378573 -0.52673755 0.00156366913 0.00120497598 -0.85002568 -0.178558838 1.28352091 0.0870523959 -0.000295498402 0.000161654542 -1.34054895e-05 -0.00509273424 -0.00170156025 0.0168231661 
1624426387.72196341 -0.417722355 1.03960877 0.0358061426 -0.52876497 0.00152131004 0.000850052678 -0.848766499 -0.288947804 1.3079963 0.00663457173 -0.000299962735 0.000163156569 -7.88774904e-07 -0.00570751338 -0.00246046857 0.017643018 
1624426387.7285502 -0.419612518 1.04824623 0.0357668464 -0.529181568 0.00158739235 0.000814045 -0.848506739 -0.284977638 1.31466298 -0.0185663954 -0.000299962735 0.000163156569 -7.88774904e-07 -0.00570751338 -0.00246046857 0.017643018 
1624426387.7385385 -0.422401981 1.06141371 0.0354096699 -0.529778213 0.00157527485 0.000706640859 -0.848134461 -0.273567994 1.32191708 -0.0529525164 -0.000299962735 0.000163156569 -7.88774904e-07 -0.00570751338 -0.00246046857 0.017643018 
1624426387.74853539 -0.425120103 1.07471487 0.0346686328 -0.53033142 0.00172432296 0.000701834697 -0.84778837 -0.270225495 1.33914274 -0.0953010075 -0.000299962735 0.000163156569 -7.88774904e-07 -0.00570751338 -0.00246046857 0.017643018 
1624426387.75854135 -0.427795244 1.08819384 0.0335617149 -0.530802758 0.0018511405 0.000432544536 -0.847493255 -0.264484312 1.35504745 -0.125950899 -0.000299962735 0.000163156569 -7.88774904e-07 -0.00570751338 -0.00246046857 0.017643018 
1624426387.76854372 -0.430396875 1.10170895 0.0325191505 -0.531265705 0.00225634809 0.000158906387 -0.847202239 -0.255718428 1.34733269 -0.0825124783 -0.000299962735 0.000163156569 -7.88774904e-07 -0.00570751338 -0.00246046857 0.017643018 
1624426387.77852726 -0.432830026 1.11508474 0.0321539406 -0.531669975 0.00227097682 -5.29030692e-05 -0.846948569 -0.231714146 1.3322349 0.00935005943 -0.000299962735 0.000163156569 -7.88774904e-07 -0.00570751338 -0.00246046857 0.017643018 
1624426387.78855562 -0.435060222 1.1284239 0.032350877 -0.532058664 0.0020430513 1.4007692e-05 -0.846705028 -0.213063572 1.3280535 0.0299258371 -0.000299962735 0.000163156569 -7.88774904e-07 -0.00570751338 -0.00246046857 0.017643018 
1624426387.79854965 -0.43704873 1.14166085 0.0325186143 -0.532478345 0.00171630094 -4.22357086e-05 -0.846441885 -0.184875491 1.3209163 0.00364165203 -0.000299962735 0.000163156569 -7.88774904e-07 -0.00570751338 -0.00246046857 0.017643018 
1624426387.80855966 -0.438828664 1.15488614 0.0324913182 -0.532902988 0.0013596637 -6.04069987e-06 -0.846175252 -0.170755526 1.32149975 -0.00909541402 -0.000299962735 0.000163156569 -7.88774904e-07 -0.00570751338 -0.00246046857 0.017643018 
1624426387.81854749 -0.440422084 1.1681005 0.032242814 -0.533350113 0.000720162908 -0.000109596378 -0.845894276 -0.148316796 1.32459255 -0.0406659844 -0.000299962735 0.000163156569 -7.88774904e-07 -0.00570751338 -0.00246046857 0.017643018 
1624426387.8285408 -0.441755989 1.18135551 0.031516701 -0.533864981 1.85812832e-05 -0.000254329609 -0.8455697 -0.118642714 1.32818114 -0.10465375 -0.000299962735 0.000163156569 -7.88774904e-07 -0.00570751338 -0.00246046857 0.017643018 
1624426387.83853292 -0.442912458 1.19474604 0.0304347108 -0.534371338 -0.000443931572 -0.000655233336 -0.845249458 -0.112833483 1.35203606 -0.111914887 -0.000299962735 0.000163156569 -7.88774904e-07 -0.00570751338 -0.00246046857 0.017643018 
1624426387.84854054 -0.4440978 1.20845491 0.0296703177 -0.534913542 -0.000330958762 -0.00106225241 -0.844906068 -0.124054311 1.3876518 -0.0408473279 -0.000299962735 0.000163156569 -7.88774904e-07 -0.00570751338 -0.00246046857 0.017643018 
1624426387.86853123 -0.446041217 1.23607182 0.0285281596 -0.536376062 0.000803772648 -0.00157032124 -0.843977255 -0.0703779746 1.37532612 -0.0734217218 -0.000299962735 0.000163156569 -7.88774904e-07 -0.00570751338 -0.00246046857 0.017643018 
1624426387.87852788 -0.446632715 1.24976298 0.0279220628 -0.537214039 0.000937139699 -0.00194731785 -0.843443185 -0.0479612789 1.36382369 -0.0478382181 -0.000299962735 0.000163156569 -7.88774904e-07 -0.00570751338 -0.00246046857 0.017643018 
1624426387.88858247 -0.447064467 1.26337839 0.0273808481 -0.538174723 0.000526381709 -0.00203875189 -0.842830667 -0.0379202496 1.34447295 -0.0598170582 -0.000299962735 0.000163156569 -7.88774904e-07 -0.00570751338 -0.00246046857 0.017643018 
1624426387.89857268 -0.447436087 1.27679021 0.0265376356 -0.539104437 0.000253554401 -0.00203964089 -0.842236417 -0.0364766987 1.34051859 -0.108990607 -0.000299962735 0.000163156569 -7.88774904e-07 -0.00570751338 -0.00246046857 0.017643018 
1624426387.90860963 -0.447834958 1.29034693 0.0254494927 -0.540013359 0.000188749599 -0.00193910084 -0.841654191 -0.0430038177 1.36084474 -0.107836903 -0.000299962735 0.000163156569 -7.88774904e-07 -0.00570751338 -0.00246046857 0.017643018 
1624426387.9185555 -0.448314231 1.30400288 0.0244254936 -0.540951787 0.000480239911 -0.00187953335 -0.841051366 -0.0533723959 1.38520973 -0.0980775399 -0.000299962735 0.000163156569 -7.88774904e-07 -0.00570751338 -0.00246046857 0.017643018 
1624426387.9218297 -0.528401152 1.28954607 -0.00564992188 -0.532926195 0.00110385251 1.33939993e-06 -0.846161009 -0.208289532 1.35611148 -0.150426069 -0.00029402252 0.000167362336 -5.67856802e-05 -0.00617302261 -0.00400291561 0.0183424633 
1624426387.92855406 -0.529818449 1.29872182 -0.00679613304 -0.533593525 0.0013566859 -8.05397568e-05 -0.845739974 -0.21325184 1.37299566 -0.190487139 -0.00029402252 0.000167362336 -5.67856802e-05 -0.00617302261 -0.00400291561 0.0183424633 
1624426387.9385345 -0.531841193 1.3124506 -0.00885237907 -0.534523224 0.00214155695 -0.00070279074 -0.845150781 -0.192089683 1.37814081 -0.221568041 -0.00029402252 0.000167362336 -5.67856802e-05 -0.00617302261 -0.00400291561 0.0183424633 
1624426387.94852805 -0.533587509 1.32609305 -0.0106131969 -0.535467883 0.00272456542 -0.00151015567 -0.844549846 -0.157398896 1.35210975 -0.1308227 -0.00029402252 0.000167362336 -5.67856802e-05 -0.00617302261 -0.00400291561 0.0183424633 
1624426387.95852399 -0.534971667 1.33941979 -0.0115879665 -0.536326007 0.00254724768 -0.0016832287 -0.844005386 -0.119545164 1.3143212 -0.0642104579 -0.00029402252 0.000167362336 -5.67856802e-05 -0.00617302261 -0.00400291561 0.0183424633 
1624426387.96851802 -0.53613684 1.35248333 -0.0123011405 -0.537068273 0.00213495647 -0.00192862348 -0.843533871 -0.113628606 1.29994833 -0.0785095406 -0.00029402252 0.000167362336 -5.67856802e-05 -0.00617302261 -0.00400291561 0.0183424633 
1624426387.97851372 -0.537262378 1.3654738 -0.0130802887 -0.53778934 0.00166289421 -0.00204342482 -0.843075136 -0.111575968 1.29926271 -0.0773871555 -0.00029402252 0.000167362336 -5.67856802e-05 -0.00617302261 -0.00400291561 0.0183424633 
1624426387.98852229 -0.538360834 1.37858316 -0.0139301306 -0.538497306 0.00152007636 -0.00201103195 -0.842623461 -0.107927071 1.32036417 -0.0924356247 -0.00029402252 0.000167362336 -5.67856802e-05 -0.00617302261 -0.00400291561 0.0183424633 
1624426387.99857187 -0.539421831 1.39193577 -0.0151001636 -0.539234366 0.00154767576 -0.00198270461 -0.842151989 -0.103225429 1.33698182 -0.14041646 -0.00029402252 0.000167362336 -5.67856802e-05 -0.00617302261 -0.00400291561 0.0183424633 
1624426388.00856805 -0.540381926 1.40532935 -0.0166435864 -0.540036484 0.00181204239 -0.0023676714 -0.841636327 -0.0888669345 1.34275997 -0.168386199 -0.00029402252 0.000167362336 -5.67856802e-05 -0.00617302261 -0.00400291561 0.0183424633 
1624426388.01855516 -0.541167111 1.4186813 -0.0181114507 -0.540970469 0.00224311333 -0.00264623338 -0.841034433 -0.0683725792 1.33107513 -0.125565391 -0.00029402252 0.000167362336 -5.67856802e-05 -0.00617302261 -0.00400291561 0.0183424633 
1624426388.02184796 -0.592424567 1.41373842 -0.016917454 -0.539368636 0.00166008911 -0.00090812446 -0.842067631 -0.165989509 1.31752229 -0.123014226 -0.000290496728 0.00017707009 -6.8219105e-05 -0.00660397281 -0.00506415919 0.018311414 
1624426388.02854228 -0.593495178 1.42251927 -0.0176903843 -0.540094063 0.00162610978 -0.00099380857 -0.841602502 -0.153867199 1.30585223 -0.107907108 -0.000290496728 0.00017707009 -6.8219105e-05 -0.00660397281 -0.00506415919 0.018311414 
1624426388.03853941 -0.594901888 1.43550781 -0.0188154498 -0.541229568 0.00162715631 -0.00115328511 -0.84087251 -0.127555742 1.29260196 -0.117170594 -0.000290496728 0.00017707009 -6.8219105e-05 -0.00660397281 -0.00506415919 0.018311414 
1624426388.04853964 -0.596064515 1.44839208 -0.0198032537 -0.542420316 0.00139040553 -0.00126291109 -0.840105156 -0.104964279 1.2841937 -0.0803856769 -0.000290496728 0.00017707009 -6.8219105e-05 -0.00660397281 -0.00506415919 0.018311414 
1624426388.05852866 -0.597029941 1.46120344 -0.0204915709 -0.543632671 0.000948338518 -0.00125068696 -0.839321783 -0.0883330819 1.28089239 -0.0574290282 -0.000290496728 0.00017707009 -6.8219105e-05 -0.00660397281 -0.00506415919 0.018311414 
1624426388.06853461 -0.597853937 1.47403269 -0.0212223623 -0.544807025 0.000472269399 -0.00130746261 -0.838560298 -0.0763681118 1.28343285 -0.0886423249 -0.000290496728 0.00017707009 -6.8219105e-05 -0.00660397281 -0.00506415919 0.018311414 
1624426388.07854939 -0.598559813 1.4869373 -0.0221096514 -0.545928203 0.000284278215 -0.00150566591 -0.837830561 -0.0645988725 1.29368265 -0.0885537432 -0.000290496728 0.00017707009 -6.8219105e-05 -0.00660397281 -0.00506415919 0.018311414 
1624426388.0885427 -0.599217384 1.49989778 -0.0229684874 -0.54707928 0.000121875035 -0.00176224911 -0.837078934 -0.06700336 1.30014602 -0.0833283717 -0.000290496728 0.00017707009 -6.8219105e-05 -0.00660397281 -0.00506415919 0.018311414 
1624426388.09853816 -0.599844533 1.51290826 -0.0240300234 -0.548203551 -1.8657218e-05 -0.00194687664 -0.836342678 -0.0584834096 1.30313278 -0.12907524 -0.000290496728 0.00017707009 -6.8219105e-05 -0.00660397281 -0.00506415919 0.018311414 
1624426388.1085403 -0.600398538 1.52595193 -0.0254430051 -0.549294507 0.000177599516 -0.00227647216 -0.835625712 -0.0522938736 1.30504433 -0.153460735 -0.000290496728 0.00017707009 -6.8219105e-05 -0.00660397281 -0.00506415919 0.018311414 
1624426388.11854553 -0.600877899 1.5390147 -0.0268663444 -0.550424541 0.000320186566 -0.00251127236 -0.834881079 -0.0435281934 1.30614078 -0.131058177 -0.000290496728 0.00017707009 -6.8219105e-05 -0.00660397281 -0.00506415919 0.018311414 
1624426388.12181878 -0.645203167 1.54200524 -0.0315020632 -0.553631543 0.000645533028 -0.00103506399 -0.832760846 -0.131738024 1.30896225 -0.138936584 -0.000284617076 0.000181566631 -4.39134467e-05 -0.00718253301 -0.00603154158 0.0184531762 
1624426388.12853599 -0.646062977 1.55079272 -0.0324163443 -0.554418861 0.000679241452 -0.00116222104 -0.832236694 -0.124264175 1.30744737 -0.133284088 -0.000284617076 0.000181566631 -4.39134467e-05 -0.00718253301 -0.00603154158 0.0184531762 
1624426388.13853121 -0.647250971 1.56385246 -0.0337603974 -0.555602732 0.000805772058 -0.00130355561 -0.831446484 -0.113448151 1.30575007 -0.135655028 -0.000284617076 0.000181566631 -4.39134467e-05 -0.00718253301 -0.00603154158 0.0184531762 
1624426388.1485498 -0.648353695 1.5769685 -0.035069494 -0.556831199 0.000845451904 -0.00159974697 -0.830623706 -0.10668765 1.31259067 -0.125678565 -0.000284617076 0.000181566631 -4.39134467e-05 -0.00718253301 -0.00603154158 0.0184531762 
1624426388.15853071 -0.649367265 1.59005955 -0.0364051475 -0.558073363 0.00084854368 -0.0018456443 -0.829789127 -0.096413834 1.31062523 -0.141962864 -0.000284617076 0.000181566631 -4.39134467e-05 -0.00718253301 -0.00603154158 0.0184531762 
1624426388.16852951 -0.650303778 1.60311383 -0.0378456077 -0.559318728 0.000972654896 -0.0022224988 -0.828949139 -0.0909112167 1.30054422 -0.146163794 -0.000284617076 0.000181566631 -4.39134467e-05 -0.00718253301 -0.00603154158 0.0184531762 
1624426388.17852163 -0.65110692 1.61602049 -0.0391178285 -0.560535309 0.000983067745 -0.00231244383 -0.828126714 -0.0698438558 1.28282174 -0.108480956 -0.000284617076 0.000181566631 -4.39134467e-05 -0.00718253301 -0.00603154158 0.0184531762 
1624426388.18854928 -0.6517704 1.62886984 -0.0401919097 -0.561782653 0.000883909366 -0.0021400228 -0.827281626 -0.0624863145 1.27996473 -0.105743035 -0.000284617076 0.000181566631 -4.39134467e-05 -0.00718253301 -0.00603154158 0.0184531762 
1624426388.1985383 -0.652325759 1.6416649 -0.0413909796 -0.563036339 0.000667425875 -0.00221874514 -0.826428892 -0.0487074938 1.28185886 -0.13433447 -0.000284617076 0.000181566631 -4.39134467e-05 -0.00718253301 -0.00603154158 0.0184531762 
1624426388.20854187 -0.652765384 1.6545309 -0.0427053824 -0.564331344 0.000707934434 -0.00223460139 -0.825545056 -0.0391862005 1.29042263 -0.128452363 -0.000284617076 0.000181566631 -4.39134467e-05 -0.00718253301 -0.00603154158 0.0184531762 
1624426388.21854758 -0.653136964 1.66747022 -0.0440049083 -0.565676028 0.000621692576 -0.00231981318 -0.824624074 -0.0350873112 1.29596501 -0.13130442 -0.000284617076 0.000181566631 -4.39134467e-05 -0.00718253301 -0.00603154158 0.0184531762 
1624426388.22853756 -0.653484144 1.6803957 -0.0455212466 -0.567069569 0.000709199026 -0.0023163652 -0.823666337 -0.0344184161 1.29172421 -0.17226752 -0.000284617076 0.000181566631 -4.39134467e-05 -0.00718253301 -0.00603154158 0.0184531762 
1624426388.23853087 -0.65375231 1.69333417 -0.0472246958 -0.568420157 0.00107135202 -0.00237725173 -0.822734298 -0.0192506799 1.29770007 -0.168650232 -0.000284617076 0.000181566631 -4.39134467e-05 -0.00718253301 -0.00603154158 0.0184531762 
1624426388.24853134 -0.653853854 1.70634094 -0.0487440442 -0.569832407 0.00119329089 -0.00263162115 -0.821755851 -0.00105719272 1.30353389 -0.135205238 -0.000284617076 0.000181566631 -4.39134467e-05 -0.00718253301 -0.00603154158 0.0184531762 
1624426388.2585299 -0.65375126 1.7193602 -0.050120484 -0.571256715 0.00126527371 -0.00289279752 -0.820765372 0.0215789356 1.3006922 -0.140122373 -0.000284617076 0.000181566631 -4.39134467e-05 -0.00718253301 -0.00603154158 0.0184531762 
1624426388.26851797 -0.65341759 1.73231549 -0.0515147843 -0.572626803 0.001333983 -0.00317436581 -0.819808934 0.0452347301 1.29346074 -0.139070791 -0.000284617076 0.000181566631 -4.39134467e-05 -0.00718253301 -0.00603154158 0.0184531762 
1624426388.27851844 -0.652844603 1.74520033 -0.0528023497 -0.573974184 0.0011969819 -0.00340558629 -0.818865438 0.0693573237 1.28338754 -0.118430256 -0.000284617076 0.000181566631 -4.39134467e-05 -0.00718253301 -0.00603154158 0.0184531762 
1624426388.28857899 -0.652156152 1.75804993 -0.054120994 -0.575325678 0.000708013577 -0.00355452426 -0.817916394 0.0675042551 1.27106428 -0.143711352 -0.000284617076 0.000181566631 -4.39134467e-05 -0.00718253301 -0.00603154158 0.0184531762 
1624426388.29856992 -0.65157766 1.77070006 -0.0557108565 -0.576676128 0.000658631089 -0.00329235268 -0.816965954 0.0482992204 1.26125896 -0.174549798 -0.000284617076 0.000181566631 -4.39134467e-05 -0.00718253301 -0.00603154158 0.0184531762 
1624426388.30857253 -0.651149872 1.78342678 -0.0574077714 -0.578013325 0.000917579366 -0.00284426889 -0.816021853 0.0372359214 1.28341973 -0.164744535 -0.000284617076 0.000181566631 -4.39134467e-05 -0.00718253301 -0.00603154158 0.0184531762 
1624426388.31855392 -0.650703164 1.79643159 -0.0590658967 -0.579430156 0.00138900181 -0.00274865445 -0.815016079 0.0522722619 1.32239056 -0.167498692 -0.000284617076 0.000181566631 -4.39134467e-05 -0.00718253301 -0.00603154158 0.0184531762 
1624426388.32184911 -0.723592326 1.77645603 -0.036744549 -0.578892734 0.00131767997 -0.000313528739 -0.815402581 -0.0915676051 1.27878247 -0.126362806 -0.000276950213 0.000190587334 -4.84035184e-05 -0.00758641867 -0.00821683441 0.0176696411 
1624426388.32854223 -0.724154822 1.78509179 -0.0377096099 -0.579886714 0.00162468597 -0.000744515058 -0.814695161 -0.076514064 1.30170426 -0.162011018 -0.000276950213 0.000190587334 -4.84035184e-05 -0.00758641867 -0.00821683441 0.0176696411 
1624426388.33853459 -0.72479395 1.79798361 -0.0392769061 -0.58134368 0.00216131763 -0.00173492672 -0.813653393 -0.0514092336 1.27863265 -0.151687846 -0.000276950213 0.000190587334 -4.84035184e-05 -0.00758641867 -0.00821683441 0.0176696411 
1624426388.34852791 -0.725200125 1.8105371 -0.0403415556 -0.58266148 0.00220887266 -0.00259808708 -0.812707802 -0.0298801942 1.23374362 -0.0613845002 -0.000276950213 0.000190587334 -4.84035184e-05 -0.00758641867 -0.00821683441 0.0176696411 
1624426388.35852742 -0.725463095 1.82256996 -0.0406831741 -0.583840735 0.00181937951 -0.00273925173 -0.811861553 -0.0227162967 1.17294622 -0.00694251541 -0.000276950213 0.000190587334 -4.84035184e-05 -0.00758641867 -0.00821683441 0.0176696411 
1624426388.36854148 -0.725754566 1.83416638 -0.0409280817 -0.584936957 0.00140120273 -0.00228696383 -0.811074326 -0.0354960457 1.14308086 -0.0419702465 -0.000276950213 0.000190587334 -4.84035184e-05 -0.00758641867 -0.00821683441 0.0176696411 
1624426388.37854266 -0.726195945 1.84559257 -0.0413127076 -0.58592569 0.00151197145 -0.00193464839 -0.810361066 -0.0527693042 1.14188782 -0.0349458338 -0.000276950213 0.000190587334 -4.84035184e-05 -0.00758641867 -0.00821683441 0.0176696411 
1624426388.38855767 -0.726724735 1.85711257 -0.041562726 -0.586884783 0.00145432169 -0.00143514531 -0.80966788 -0.0528302378 1.15865947 -0.0149829159 -0.000276950213 0.000190587334 -4.84035184e-05 -0.00758641867 -0.00821683441 0.0176696411 
1624426388.39853573 -0.727202661 1.86871342 -0.0420302135 -0.587873807 0.00144273422 -0.00127887565 -0.808950351 -0.0429652662 1.16661288 -0.0787201968 -0.000276950213 0.000190587334 -4.84035184e-05 -0.00758641867 -0.00821683441 0.0176696411 
1624426388.4085393 -0.727595418 1.88037038 -0.0429747151 -0.588839827 0.00161863439 -0.00155964031 -0.808246624 -0.0355580243 1.1639474 -0.110112765 -0.000276950213 0.000190587334 -4.84035184e-05 -0.00758641867 -0.00821683441 0.0176696411 
1624426388.41854739 -0.727928223 1.89199093 -0.0438636814 -0.589763967 0.00161542837 -0.00196049816 -0.807571675 -0.0309491041 1.15828149 -0.0675366696 -0.000276950213 0.000190587334 -4.84035184e-05 -0.00758641867 -0.00821683441 0.0176696411 
1624426388.42185593 -0.778092471 1.88864081 -0.0282951777 -0.581903216 0.00131735629 -0.000563070156 -0.813256782 -0.128266615 1.14867062 -0.0390875385 -0.000273929585 0.000198058013 -0.000116419273 -0.00816064171 -0.00971491787 0.0170770456 
1624426388.42853785 -0.778988027 1.89629689 -0.0286172202 -0.582447152 0.00103402234 -0.000573858255 -0.812867712 -0.13978701 1.14291295 -0.057304664 -0.000273929585 0.000198058013 -0.000116419273 -0.00816064171 -0.00971491787 0.0170770456 
1624426388.43853736 -0.780420275 1.90766768 -0.0293544119 -0.5831807 0.0013220665 -0.000672475414 -0.812341105 -0.146676409 1.13135566 -0.0901408483 -0.000273929585 0.000198058013 -0.000116419273 -0.00816064171 -0.00971491787 0.0170770456 
1624426388.4485414 -0.781870898 1.91891809 -0.0299665356 -0.58382311 0.00143243053 -0.000673189853 -0.811879345 -0.14333101 1.11781535 -0.0322344067 -0.000273929585 0.000198058013 -0.000116419273 -0.00816064171 -0.00971491787 0.0170770456 
1624426388.45852947 -0.783300878 1.92999991 -0.0302291216 -0.584406306 0.00140575775 -0.000107808112 -0.81145997 -0.143006581 1.1011974 -0.0203455311 -0.000273929585 0.000198058013 -0.000116419273 -0.00816064171 -0.00971491787 0.0170770456 
1624426388.46852612 -0.784702488 1.94094842 -0.0305934138 -0.58492608 0.00116530153 1.73693104e-05 -0.811085768 -0.137409328 1.08923695 -0.0525372953 -0.000273929585 0.000198058013 -0.000116419273 -0.00816064171 -0.00971491787 0.0170770456 
1624426388.47851825 -0.785992306 1.95186976 -0.0310264809 -0.585436796 0.00114586263 0.00015971487 -0.810717225 -0.120757639 1.096754 -0.0341444202 -0.000273929585 0.000198058013 -0.000116419273 -0.00816064171 -0.00971491787 0.0170770456 
1624426388.48854756 -0.787125145 1.9629724 -0.0313210742 -0.585940881 0.000772072239 -0.000126648063 -0.810353424 -0.105147867 1.11728227 -0.0246020024 -0.000273929585 0.000198058013 -0.000116419273 -0.00816064171 -0.00971491787 0.0170770456 
1624426388.49853778 -0.788134751 1.97419351 -0.0319132305 -0.586409907 0.000673453198 -0.000532318642 -0.810014002 -0.0969710789 1.12913865 -0.0939452531 -0.000273929585 0.000198058013 -0.000116419273 -0.00816064171 -0.00971491787 0.0170770456 
1624426388.50855374 -0.789099036 1.98547255 -0.0329064831 -0.586777311 0.000804665826 -0.00134334915 -0.809746834 -0.0955784659 1.12307375 -0.104388639 -0.000273929585 0.000198058013 -0.000116419273 -0.00816064171 -0.00971491787 0.0170770456 
1624426388.51854849 -0.789980588 1.99654337 -0.0335892541 -0.58708685 0.000779556866 -0.00156546034 -0.809522064 -0.0808246544 1.09225316 -0.0322373627 -0.000273929585 0.000198058013 -0.000116419273 -0.00816064171 -0.00971491787 0.0170770456 
1624426388.52196407 -0.820465275 2.02036078 -0.0497098399 -0.589179812 0.000870055445 -0.000822536939 -0.808001062 -0.142509003 1.13794577 -0.0620513751 -0.000271389041 0.000202664049 -9.75851872e-05 -0.00936864455 -0.0103661013 0.0177735896 
1624426388.52857256 -0.821401398 2.02783448 -0.0501067781 -0.589351974 0.000569944919 -0.000808377252 -0.807875778 -0.140800399 1.12390391 -0.0580784516 -0.000271389041 0.000202664049 -9.75851872e-05 -0.00936864455 -0.0103661013 0.0177735896 
1624426388.53853416 -0.822709558 2.03894462 -0.0507244516 -0.589621751 0.000282705034 -0.000629205207 -0.807679215 -0.121839932 1.1066876 -0.0659324029 -0.000271389041 0.000202664049 -9.75851872e-05 -0.00936864455 -0.0103661013 0.0177735896 
1624426388.54853415 -0.823931665 2.05004725 -0.0512326886 -0.589906847 -0.000119761932 -0.000711322906 -0.807470985 -0.122581762 1.11384022 -0.0357150855 -0.000271389041 0.000202664049 -9.75851872e-05 -0.00936864455 -0.0103661013 0.0177735896 
1624426388.55851841 -0.825195174 2.0612208 -0.0515237875 -0.590280322 -0.000317926457 -0.000798127191 -0.807197871 -0.130518562 1.12439569 -0.0225965157 -0.000271389041 0.000202664049 -9.75851872e-05 -0.00936864455 -0.0103661013 0.0177735896 
1624426388.56852388 -0.826662407 2.07253001 -0.0519639678 -0.590702794 -0.000176378044 -0.00107183785 -0.806888486 -0.162767319 1.13620884 -0.0653913691 -0.000271389041 0.000202664049 -9.75851872e-05 -0.00936864455 -0.0103661013 0.0177735896 
1624426388.57851934 -0.828323816 2.08381844 -0.0526350921 -0.591113488 0.00050560791 -0.00124309507 -0.806587282 -0.169665552 1.12250154 -0.068894451 -0.000271389041 0.000202664049 -9.75851872e-05 -0.00936864455 -0.0103661013 0.0177735896 
1624426388.58855629 -0.83000812 2.09496612 -0.0532215973 -0.591559497 0.000807960547 -0.00147345331 -0.806259597 -0.165955251 1.0988271 -0.0479748078 -0.000271389041 0.000202664049 -9.75851872e-05 -0.00936864455 -0.0103661013 0.0177735896 
1624426388.59856892 -0.831616098 2.10586205 -0.0538373261 -0.591943341 0.00105553516 -0.00119292882 -0.805978004 -0.155234824 1.07761119 -0.0750156649 -0.000271389041 0.000202664049 -9.75851872e-05 -0.00936864455 -0.0103661013 0.0177735896 
1624426388.60855722 -0.833152385 2.1165002 -0.054575829 -0.592267069 0.0010873039 -0.0013787276 -0.805739806 -0.15238226 1.05251065 -0.0728577964 -0.000271389041 0.000202664049 -9.75851872e-05 -0.00936864455 -0.0103661013 0.0177735896 
1624426388.61854005 -0.834711658 2.12694345 -0.0551045012 -0.592546858 0.00105967218 -0.00118130603 -0.805534421 -0.160008885 1.03973175 -0.0330585705 -0.000271389041 0.000202664049 -9.75851872e-05 -0.00936864455 -0.0103661013 0.0177735896 
1624426388.62196946 -0.861070278 2.14399067 -0.0544146496 -0.597582464 0.000929469015 -0.000597623493 -0.801806696 -0.215188679 1.07363864 -0.0317585366 -0.000270537695 0.000207427567 -5.04467066e-05 -0.01037532 -0.0110555329 0.0177468325 
1624426388.62853909 -0.86250826 2.15104074 -0.0546379555 -0.597692924 0.000829529659 -0.000505825229 -0.801724532 -0.222578096 1.07262325 -0.036222799 -0.000270537695 0.000207427567 -5.04467066e-05 -0.01037532 -0.0110555329 0.0177468325 
1624426388.63853645 -0.864776755 2.16172624 -0.0550711937 -0.597785124 0.00116226361 -0.000334274889 -0.801655464 -0.231240352 1.06504121 -0.05044766 -0.000270537695 0.000207427567 -5.04467066e-05 -0.01037532 -0.0110555329 0.0177468325 
1624426388.64852452 -0.867106309 2.17230157 -0.0555229932 -0.597817954 0.0013769966 -0.000148259881 -0.801630698 -0.235226948 1.05255053 -0.0400201613 -0.000270537695 0.000207427567 -5.04467066e-05 -0.01037532 -0.0110555329 0.0177468325 
1624426388.65852189 -0.869456939 2.1827658 -0.0560023839 -0.597783645 0.00157783341 0.000102111767 -0.80165592 -0.235022853 1.04084525 -0.0558832257 -0.000270537695 0.000207427567 -5.04467066e-05 -0.01037532 -0.0110555329 0.0177468325 
1624426388.66853094 -0.871811882 2.19313554 -0.0567036256 -0.597714326 0.00167948202 0.000237766048 -0.80170737 -0.235539973 1.0312283 -0.0842383088 -0.000270537695 0.000207427567 -5.04467066e-05 -0.01037532 -0.0110555329 0.0177468325 
1624426388.67852116 -0.874161234 2.2033612 -0.0574822713 -0.597617609 0.00193352913 0.000391854645 -0.801778835 -0.234790513 1.01590774 -0.0716433568 -0.000270537695 0.000207427567 -5.04467066e-05 -0.01037532 -0.0110555329 0.0177468325 
1624426388.68854022 -0.876524416 2.21349551 -0.0581005947 -0.597507798 0.00200204869 0.000656285822 -0.801860332 -0.236946628 1.00709619 -0.0517860193 -0.000270537695 0.000207427567 -5.04467066e-05 -0.01037532 -0.0110555329 0.0177468325 
1624426388.69853759 -0.878849508 2.22356971 -0.0586516302 -0.59741043 0.00220373091 0.000963098644 -0.801932038 -0.22819422 1.00827478 -0.0584500864 -0.000270537695 0.000207427567 -5.04467066e-05 -0.01037532 -0.0110555329 0.0177468325 
1624426388.70856452 -0.881101325 2.23366922 -0.0592006335 -0.597325869 0.00242704202 0.00101081541 -0.801994323 -0.220959486 1.00620195 -0.051055661 -0.000270537695 0.000207427567 -5.04467066e-05 -0.01037532 -0.0110555329 0.0177468325 
1624426388.71854424 -0.883229424 2.24368011 -0.0596684455 -0.597251453 0.0026099628 0.00127853057 -0.802048786 -0.20552507 1.00004417 -0.0426968112 -0.000270537695 0.000207427567 -5.04467066e-05 -0.01037532 -0.0110555329 0.0177468325 
1624426388.72855186 -0.885219135 2.25365515 -0.0602060906 -0.597181309 0.00261721833 0.00138599647 -0.802100813 -0.192114017 0.993443377 -0.0647503486 -0.000270537695 0.000207427567 -5.04467066e-05 -0.01037532 -0.0110555329 0.0177468325 
1624426388.73853111 -0.887078934 2.26351653 -0.0609087237 -0.597111406 0.00272621029 0.00159270709 -0.802152105 -0.180619228 0.982934552 -0.0760684935 -0.000270537695 0.000207427567 -5.04467066e-05 -0.01037532 -0.0110555329 0.0177468325 
1624426388.74853659 -0.888830614 2.27328354 -0.0616516148 -0.597065296 0.00267357475 0.00178970784 -0.802186189 -0.169525125 0.969399579 -0.0724284294 -0.000270537695 0.000207427567 -5.04467066e-05 -0.01037532 -0.0110555329 0.0177468325 
1624426388.75853562 -0.890370235 2.28297781 -0.0624298201 -0.596988133 0.00260110009 0.00213735482 -0.802243003 -0.138428864 0.969639977 -0.0832276334 -0.000270537695 0.000207427567 -5.04467066e-05 -0.01037532 -0.0110555329 0.0177468325 
1624426388.76852083 -0.891551386 2.29269786 -0.0632960367 -0.596906567 0.00219486421 0.00193218392 -0.802305428 -0.0981513081 0.977249892 -0.0902723261 -0.000270537695 0.000207427567 -5.04467066e-05 -0.01037532 -0.0110555329 0.0177468325 
1624426388.77852869 -0.892481651 2.30254558 -0.0639777724 -0.596863597 0.00214317356 0.00151667729 -0.802338428 -0.087755587 0.990747988 -0.0459677341 -0.000270537695 0.000207427567 -5.04467066e-05 -0.01037532 -0.0110555329 0.0177468325 
1624426388.78856349 -0.893374524 2.31245895 -0.0641749167 -0.596851164 0.00208799482 0.00117112379 -0.802348401 -0.0901995767 0.98505026 0.00667559803 -0.000270537695 0.000207427567 -5.04467066e-05 -0.01037532 -0.0110555329 0.0177468325 
1624426388.79854488 -0.894243838 2.3221969 -0.0641418471 -0.59685034 0.00223211379 0.00110226954 -0.802348724 -0.0839874645 0.966170471 -4.93425303e-05 -0.000270537695 0.000207427567 -5.04467066e-05 -0.01037532 -0.0110555329 0.0177468325 
1624426388.8085866 -0.894990007 2.33179472 -0.0642245161 -0.596876227 0.0023242755 0.00117636259 -0.802329099 -0.0646263847 0.945420438 -0.0164157865 -0.000270537695 0.000207427567 -5.04467066e-05 -0.01037532 -0.0110555329 0.0177468325 
1624426388.81853628 -0.895553642 2.3411281 -0.0644658405 -0.597013949 0.00217844891 0.00131209691 -0.802226824 -0.0486707236 0.930694268 -0.0320931693 -0.000270537695 0.000207427567 -5.04467066e-05 -0.01037532 -0.0110555329 0.0177468325 
1624426388.82852364 -0.895959575 2.35036924 -0.0649218333 -0.597200173 0.00197916727 0.00144578594 -0.80208849 -0.0326185775 0.919874198 -0.059220854 -0.000270537695 0.000207427567 -5.04467066e-05 -0.01037532 -0.0110555329 0.0177468325 
1624426388.83852863 -0.896223866 2.35958337 -0.0655634997 -0.597410663 0.00170255118 0.00135937154 -0.801932512 -0.0202132715 0.922032128 -0.0690483222 -0.000270537695 0.000207427567 -5.04467066e-05 -0.01037532 -0.0110555329 0.0177468325 
1624426388.84853005 -0.896446597 2.36883812 -0.0661122453 -0.597637548 0.00169098112 0.00110532663 -0.801763856 -0.0243265427 0.92865404 -0.040685212 -0.000270537695 0.000207427567 -5.04467066e-05 -0.01037532 -0.0110555329 0.0177468325 
1624426388.85852575 -0.896752039 2.37810698 -0.066385185 -0.597862481 0.00181081427 0.000875245754 -0.801596163 -0.0367882455 0.925915001 -0.0139262102 -0.000270537695 0.000207427567 -5.04467066e-05 -0.01037532 -0.0110555329 0.0177468325 
1624426388.86852527 -0.897129818 2.38729006 -0.0665363975 -0.598030624 0.00213039532 0.000805767362 -0.801470015 -0.0387711875 0.910791608 -0.016317776 -0.000270537695 0.000207427567 -5.04467066e-05 -0.01037532 -0.0110555329 0.0177468325 
1624426388.8785181 -0.897483846 2.39629148 -0.0667046303 -0.598172706 0.00233659647 0.000797899814 -0.801363412 -0.0320851432 0.890782998 -0.0173528917 -0.000270537695 0.000207427567 -5.04467066e-05 -0.01037532 -0.0110555329 0.0177468325 
1624426388.8885498 -0.897761204 2.40512347 -0.0668901868 -0.598314748 0.00235644634 0.00100279424 -0.801257077 -0.0232111252 0.87003307 -0.0196411376 -0.000270537695 0.000207427567 -5.04467066e-05 -0.01037532 -0.0110555329 0.0177468325 
1624426388.89853668 -0.897989199 2.41373941 -0.0671503164 -0.598422416 0.00225599322 0.00117146408 -0.801176728 -0.0224477985 0.855417978 -0.0324531374 -0.000270537695 0.000207427567 -5.04467066e-05 -0.01037532 -0.0110555329 0.0177468325 
1624426388.90854549 -0.898230533 2.42226934 -0.0675023978 -0.598495744 0.00210339931 0.0014128141 -0.801121978 -0.0257765462 0.849066248 -0.0379011438 -0.000270537695 0.000207427567 -5.04467066e-05 -0.01037532 -0.0110555329 0.0177468325 
1624426388.91855192 -0.898491495 2.43077049 -0.0678531716 -0.598562437 0.00214861895 0.00154750199 -0.801071781 -0.0263822596 0.850071041 -0.0322085639 -0.000270537695 0.000207427567 -5.04467066e-05 -0.01037532 -0.0110555329 0.0177468325 
1624426388.92182088 -0.954430568 2.4503318 -0.0346479253 -0.600161594 0.00174269907 0.000827004147 -0.799876453 -0.127265853 0.88734414 0.025765761 -0.00028188038 0.000208246746 -3.42001428e-05 -0.0118514139 -0.0129184509 0.0161156989 
1624426388.92853355 -0.955284434 2.45629467 -0.034473999 -0.600200733 0.00180310941 0.000905385867 -0.799846866 -0.127138338 0.889257206 0.0260545068 -0.00028188038 0.000208246746 -3.42001428e-05 -0.0118514139 -0.0129184509 0.0161156989 
